2004
2005
2006
2007
2008
2009
2010
2013
2015
2016
2017
2017
2018
2018
2019
2020
2021
2023
2024
2026
2027
2028
2029
2030
2031
2032
2034
2035
2036
2037
2038
2039
2040
2041
2042
2043
2045
2046
2047
2049
2050
2051
2052
2053
2054
2054
2055
2056
2057
2058
2059
2060
2061
2062
2063
2064
2065
2066
2067
2068
2069
2070
2071
2072
2073
2075
2076
2077
2078
2131
2132
2133
2134
2135
2136
2142
2143
2144
2146
2147
2149
2150
2151
2152
2153
2158
2161
2163
2164
2167
2168
2177
2178
2180
2181
2182
2183
2184
2186
2188
2189
2190
2191
2192
2193
2195
2198
2200
2202
2203
2206
2208
2209
2212
2214
2217
2219
2220
2221
2222
2225
2226
2228
2230
2231
2232
2233
2234
2235
2237
2237
2238
2241
2243
2244
2245
2248
2249
2252
2254
2258
2260
2261
2263
2264
2265
2266
2269
2270
2272
2273
2274
2277
2279
2280
2282
2285
2286
2287
2288
2289
2290
2291
2292
2294
2296
2297
2299
2300
2301
2302
2303
2307
2308
2310
2312
2313
2315
2318
2321
2322
2323
2324
2325
2327
2328
2329
2334
2350
2352
2354
2356
2357
2360
2383
2388
2391
2392
2393
2404
2405
2406
2410
2411
2419
2420
2421
2423
2441
2442
2506
2507
2508
2514
2519
2520